[[1251072000000,24.30,24.39,24.04,24.15,101732176],
[1251158400000,24.21,24.42,24.16,24.20,81088343],
[1251244800000,24.13,24.22,23.82,23.92,75999469],
[1251331200000,24.11,24.22,23.55,24.21,112294826],
[1251417600000,24.61,24.64,24.08,24.29,113464428],
[1251676800000,24.02,24.12,23.79,24.03,77885087],
[1251763200000,24.00,24.29,23.56,23.61,117256335],
[1251849600000,23.52,23.94,23.44,23.60,91100107],
[1251936000000,23.78,23.87,23.57,23.79,73525711],
[1252022400000,23.90,24.39,23.87,24.33,93656654],
[1252368000000,24.71,24.73,24.57,24.70,78761627],
[1252454400000,24.68,24.92,24.24,24.45,202822886],
[1252540800000,24.58,24.75,24.40,24.65,122783346],
[1252627200000,24.70,24.74,24.41,24.59,87240188],
[1252886400000,24.40,24.84,24.32,24.82,80502611],
[1252972800000,24.86,25.09,24.80,25.02,106617553],
[1253059200000,25.43,26.11,25.41,25.98,188505499],
[1253145600000,26.00,26.68,26.00,26.36,202642664],
[1253232000000,26.55,26.65,26.39,26.43,150436860],
[1253491200000,26.33,26.45,25.95,26.29,109428907],
[1253577600000,26.46,26.48,26.12,26.35,89240991],
[1253664000000,26.49,26.99,26.43,26.50,148509963],
[1253750400000,26.74,26.81,26.11,26.26,137719491],
[1253836800000,26.00,26.50,25.92,26.05,111371862],
[1254096000000,26.27,26.67,26.19,26.59,84411999],
[1254182400000,26.68,26.77,26.33,26.48,86346379],
[1254268800000,26.59,26.64,26.09,26.48,134895635],
[1254355200000,26.48,26.60,25.81,25.84,131177739],
[1254441600000,25.92,26.56,25.91,26.41,138358668],
[1254700800000,26.60,26.69,26.32,26.57,105783062],
[1254787200000,26.82,27.14,26.76,27.14,151270875],
[1254873600000,27.11,27.22,27.00,27.18,116416909],
[1254960000000,27.24,27.35,26.98,27.04,109552296],
[1255046400000,27.00,27.24,26.95,27.21,73348345],
[1255305600000,27.29,27.36,27.09,27.26,72037756],
[1255392000000,27.23,27.31,27.10,27.15,87004582],
[1255478400000,27.46,27.47,27.18,27.33,93942639],
[1255564800000,27.09,27.27,27.08,27.22,93388722],
[1255651200000,27.05,27.19,26.83,26.86,107856189],
[1255910400000,26.84,27.14,26.51,27.12,235557336],
[1255996800000,28.66,28.82,28.26,28.39,285259814],
[1256083200000,28.50,29.82,28.46,29.27,298431525],
[1256169600000,29.24,29.69,28.93,29.31,197847825],
[1256256000000,29.39,29.40,29.03,29.13,105196434],
[1256515200000,29.10,29.54,28.59,28.93,121084383],
[1256601600000,28.81,28.97,28.06,28.20,189137473],
[1256688000000,28.24,28.29,27.30,27.49,204596217],
[1256774400000,27.86,28.12,27.45,28.05,142602061],
[1256860800000,28.01,28.11,26.58,26.93,179380894],
[1257120000000,27.11,27.55,26.51,27.04,169897231],
[1257206400000,26.84,27.07,26.56,26.96,130635414],
[1257292800000,27.25,27.69,27.18,27.26,121935499],
[1257379200000,27.49,27.86,27.40,27.72,96230799],
[1257465600000,27.50,27.88,27.49,27.76,73807363],
[1257724800000,28.13,28.84,28.04,28.78,132213683],
[1257811200000,28.72,29.28,28.72,29.00,100298380],
[1257897600000,29.22,29.29,28.83,29.04,111019510],
[1257984000000,29.02,29.27,28.78,28.86,90978853],
[1258070400000,28.98,29.26,28.87,29.21,85832761],
[1258329600000,29.35,29.71,29.29,29.52,121301019],
[1258416000000,29.44,29.63,29.29,29.57,99128064],
[1258502400000,29.51,29.57,29.14,29.42,93579864],
[1258588800000,29.23,29.23,28.54,28.64,135581523],
[1258675200000,28.45,28.63,28.25,28.56,101722565],
[1258934400000,29.00,29.43,28.99,29.41,118793731],
[1259020800000,29.33,29.41,28.99,29.21,79609194],
[1259107200000,29.34,29.38,29.11,29.17,71662311],
[1259280000000,28.46,28.99,28.34,28.66,73814244],
[1259539200000,28.73,28.81,28.40,28.56,106213926],
[1259625600000,28.89,28.97,28.12,28.14,116440583],
[1259712000000,28.42,28.77,27.96,28.03,178814706],
[1259798400000,28.20,28.43,28.04,28.07,112179578],
[1259884800000,28.53,28.55,27.18,27.62,206776668],
[1260144000000,27.62,27.68,26.95,26.99,178689658],
[1260230400000,27.05,27.48,26.96,27.12,172599280],
[1260316800000,27.33,28.31,27.19,28.26,171195185],
[1260403200000,28.50,28.53,28.02,28.06,122417155],
[1260489600000,28.25,28.29,27.63,27.81,107443378],
[1260748800000,27.91,28.20,27.51,28.14,123947124],
[1260835200000,27.98,28.22,27.61,27.74,104928453],
[1260921600000,27.87,28.07,27.79,27.86,88279674],
[1261008000000,27.75,27.86,27.29,27.41,97209056],
[1261094400000,27.60,27.93,27.51,27.92,152192516],
[1261353600000,28.01,28.54,27.95,28.32,153093108],
[1261440000000,28.49,28.69,28.38,28.62,87378543],
[1261526400000,28.75,28.91,28.69,28.87,86380987],
[1261612800000,29.08,29.91,29.05,29.86,125221985],
[1261958400000,30.25,30.56,29.94,30.23,161141050],
[1262044800000,30.38,30.39,29.82,29.87,111301071],
[1262131200000,29.83,30.29,29.76,30.23,103020708],
[1262217600000,30.45,30.48,30.08,30.10,88102679],
[1262563200000,30.49,30.64,30.34,30.57,123432050],
[1262649600000,30.66,30.80,30.46,30.63,150476004],
[1262736000000,30.63,30.75,30.11,30.14,138039594],
[1262822400000,30.25,30.29,29.86,30.08,119282324],
[1262908800000,30.04,30.29,29.87,30.28,111969081],
[1263168000000,30.40,30.43,29.78,30.02,115557365],
[1263254400000,29.88,29.97,29.49,29.67,148614774],
[1263340800000,29.70,30.13,29.16,30.09,151472335],
[1263427200000,30.02,30.07,29.86,29.92,108288411],
[1263513600000,30.13,30.23,29.41,29.42,148584065],
[1263859200000,29.76,30.74,29.61,30.72,182501620],
[1263945600000,30.70,30.79,29.93,30.25,153037892],
[1264032000000,30.30,30.47,29.60,29.72,152038565],
[1264118400000,29.54,29.64,28.17,28.25,220441872],
[1264377600000,28.93,29.24,28.60,29.01,266424802],
[1264464000000,29.42,30.53,28.94,29.42,466777486],
[1264550400000,29.55,30.08,28.50,29.70,430642030],
[1264636800000,29.28,29.36,28.39,28.47,293375376],
[1264723200000,28.73,28.89,27.18,27.44,311487785],
[1264982400000,27.48,28.00,27.33,27.82,187468421],
[1265068800000,27.99,28.05,27.63,27.98,174585313],
[1265155200000,27.88,28.60,27.77,28.46,153831769],
[1265241600000,28.10,28.34,27.37,27.44,189412762],
[1265328000000,27.52,28.00,27.26,27.92,212576350],
[1265587200000,27.96,28.27,27.71,27.73,119567119],
[1265673600000,28.06,28.21,27.82,28.03,158221028],
[1265760000000,27.98,28.09,27.75,27.87,92590218],
[1265846400000,27.84,28.54,27.72,28.38,137585903],
[1265932800000,28.30,28.81,27.93,28.63,163866906],
[1266278400000,28.85,29.10,28.79,29.06,135987761],
[1266364800000,29.17,29.19,28.69,28.94,109098710],
[1266451200000,28.80,29.13,28.70,28.99,105706111],
[1266537600000,28.84,29.03,28.73,28.81,103933466],
[1266796800000,28.91,28.93,28.46,28.63,97706168],
[1266883200000,28.57,28.76,27.96,28.15,143828223],
[1266969600000,28.32,28.78,28.26,28.66,115141376],
[1267056000000,28.20,28.98,28.13,28.86,166349071],
[1267142400000,28.91,29.31,28.86,29.23,126865060],
[1267401600000,29.39,29.93,29.35,29.86,137523183],
[1267488000000,29.99,30.12,29.68,29.84,141636152],
[1267574400000,29.85,29.98,29.71,29.90,93059694],
[1267660800000,29.90,30.13,29.80,30.10,91509936],
[1267747200000,30.71,31.39,30.66,31.28,224904603],
[1268006400000,31.43,31.44,31.18,31.30,107472239],
[1268092800000,31.19,32.14,31.13,31.86,230064660],
[1268179200000,31.98,32.21,31.89,32.12,149054143],
[1268265600000,31.99,32.21,31.90,32.21,101424638],
[1268352000000,32.48,32.53,32.25,32.37,104080620],
[1268611200000,32.20,32.21,31.46,31.98,123375091],
[1268697600000,32.03,32.14,31.79,32.06,111726636],
[1268784000000,32.13,32.35,31.90,32.02,112738997],
[1268870400000,32.01,32.14,31.80,32.09,85527113],
[1268956800000,32.11,32.18,31.60,31.75,139861148],
[1269216000000,31.50,32.29,31.45,32.11,114104634],
[1269302400000,32.23,32.68,32.01,32.62,150607177],
[1269388800000,32.52,32.89,32.50,32.77,149570232],
[1269475200000,32.99,33.00,32.32,32.38,135816674],
[1269561600000,32.71,33.14,32.65,32.99,160218135],
[1269820800000,33.29,33.41,33.09,33.20,135185785],
[1269907200000,33.80,33.93,33.46,33.69,131827325],
[1269993600000,33.64,33.80,33.49,33.57,107664557]]